0.3665520000000009
0.24001600000000023
-0.09018400000000007
0.1356400000000001
0.3460399999999999
0.18453200000000006
-0.05929200000000001
0.114456
0.0026000000000000146
0.25849199999999994
-0.5935560000000002
-0.6715760000000002
-0.33927199999999974
0.21247999999999995
-0.28355599999999986
0.21941600000000017
0.4090440000000001
0.40376000000000006
0.30762799999999985
0.5435519999999999
0.57514
0.45702400000000015
0.6275759999999999
0.7169479999999994
0.7283719999999997
0.6400599999999992
0.8381879999999989
0.41434399999999993
0.3967759999999998
0.296112
0.11329199999999996
0.49403199999999986
0.4845759999999997
0.5552840000000006
0.5079760000000004
0.3421279999999999
0.6193719999999998
0.3509880000000001
0.2960440000000001
0.503788
0.5019880000000001
0.8028760000000004
0.6241160000000004
0.2921400000000001
0.34531600000000023
-0.01267599999999999
0.2836120000000001
0.4062639999999999
0.452984
0.4210439999999998
0.11422000000000004
0.044316
-0.15337199999999993
0.3427279999999998
0.0003120000000000036
0.294944
0.2679
0.10740399999999994
0.6361320000000005
0.6206240000000003
0.6006800000000001
0.009084000000000005
-0.014211999999999997
-0.014120000000000006
0.17963200000000007
-0.22955999999999965
-0.15197200000000002
-0.3888279999999996
-0.5189319999999993
-0.4011600000000003
-0.11669599999999997
-0.34841999999999973
-0.06730399999999997
-0.12441600000000004
0.44791800000000015
-0.2269199999999998
0.12367600000000002
0.4930519999999998
0.6168399999999996
0.39594399999999996
0.49683600000000006
0.6673040000000001
0.6318719999999997
0.2800800000000003
0.7108079999999999
0.8675159999999996
0.9830079999999995
0.9097160000000002
0.8833919999999998
0.9759079999999999
1.0129120000000005
0.7850799999999996
0.690595999999999
0.80164
0.083244
0.21509600000000023
0.443524
0.48134800000000044
0.5468800000000008
0.4852000000000005
0.7299159999999999
0.7099560000000001
0.7913279999999996
0.5386960000000002
0.6386639999999998
0.7188839999999997
0.9748719999999997
0.9974359999999993
1.0222839999999997
0.8978919999999998
0.7732479999999997
0.7774959999999997
1.007956
-0.25412399999999985
-0.5368599999999999
-0.4395720000000002
-0.4522000000000003
-0.3848840000000001
-0.11884800000000006
0.27029600000000015
0.244108
-0.06699599999999999
-0.335872
0.222844
0.13314399999999998
0.153636
0.3788479999999997
0.5544039999999996
0.7435120000000005
0.4872600000000005
0.8882679999999997
1.13706
1.0820919999999994
1.0874599999999999
1.004056
1.1922519999999992
0.9077640000000001
0.742924
1.1466319999999992
0.7665319999999999
0.8748199999999999
-0.9870320000000001
-1.224880000000001
0.31005199999999994
0.7165999999999997
-1.2255800000000001
0.533588
0.2621240000000002
0.7343480000000002
-2.2310240000000023
-2.4820200000000012
-1.512496
-1.105984000000001
-1.8598200000000022
-1.764192000000003
-2.502196000000003
-1.9140880000000025
-1.5767440000000028
-1.4494520000000024
-2.243528000000003
-2.706960000000003
-1.476776000000002
-0.7068959999999995
0.01586399999999999
-0.22944399999999993
0.268536
0.6167679999999994
0.48075999999999985
0.8225559999999998
0.8306600000000004
1.0487240000000002
0.7555360000000004
0.4976719999999994
0.9723960000000003
1.1694080000000002
0.9330039999999996
0.8844519999999997
1.1106159999999996
0.5710720000000002
0.9505479999999998
0.6675399999999997
1.02928
1.0512240000000006
0.017591999999999997
0.6372000000000003
0.6933439999999998
0.8041839999999999
0.12024000000000008
0.5696519999999995
0.474764
0.6251880000000003
0.8270359999999992
0.7409320000000001
0.43645200000000006
0.5877959999999995
0.18331599999999995
0.036628
0.35692799999999936
-0.7144640000000001
0.08576800000000001
-0.342552
0.13638800000000004
0.22571599999999986
-0.5028240000000004
-0.47838000000000025
-0.08242799999999997
-0.3247319999999999
-0.13973199999999997
-0.39642000000000077
-0.8814880000000005
-2.207740000000002
-1.105712000000001
-0.25175999999999993
0.027863999999999972
-0.15993999999999983
0.16057999999999997
0.26546399999999987
0.2884039999999999
0.3720999999999998
0.45029999999999953
0.6436280000000003
0.8513279999999998
-0.3862879999999998
-2.5268440000000023
-0.6929999999999998
0.47093200000000024
0.26927599999999996
0.7943040000000002
0.41287199999999996
0.08607200000000005
-0.14323600000000003
-1.131107999999999
-2.056024000000004
-1.5495920000000014
-1.0676800000000013
-0.8311040000000011
-0.9472480000000009
0.004520000000000005
0.04903599999999999
0.06714399999999994
0.3295160000000001
0.30791999999999986
-0.6262439999999999
-1.7524760000000021
-2.2156920000000015
-1.2075800000000005
-0.8352319999999999
-0.4642839999999995
-0.7466720000000004
-0.35012800000000005
0.42277199999999976
0.8147280000000006
0.1657559999999999
0.3121479999999998
-0.9111480000000001
-0.011060000000000002
0.18240800000000007
0.5530280000000001
-0.4441279999999998
0.20101200000000008
0.37716799999999995
0.5224639999999996
0.7912800000000001
0.2789000000000002
-0.12403600000000005
0.955528
1.115072
0.5420280000000001
0.5496840000000002
-0.15091200000000002
0.5328200000000004
-0.03191199999999999
0.12487200000000001
0.06434799999999999
-0.205168
-0.5707479999999999
0.09291600000000003
-0.5011159999999996
-0.7842600000000002
-0.9093720000000002
-0.41420399999999946
-0.9101840000000001
-0.8604920000000004
-0.9858040000000012
-0.6792759999999999
-0.9561240000000005
-0.5647319999999999
-0.17238399999999993
0.07116400000000002
-1.1162720000000004
-0.5058359999999997
-0.6522399999999997
0.020296
0.6015600000000002
0.17782799999999985
0.30273599999999984
0.3687439999999996
0.7378199999999998
0.7975079999999999
0.8883879999999993
0.41104799999999964
0.6954720000000002
0.08871599999999989
-0.8058200000000008
-1.4925480000000018
-2.3242920000000016
-1.1323559999999997
-2.733484
-0.5495479999999999
-2.749336000000002
-1.6078520000000032
-0.6283240000000002
-0.7561959999999995
-0.2503479999999999
0.252492
0.22692800000000016
0.38074400000000014
0.4959439999999998
0.6138199999999996
0.3094520000000001
0.16865999999999992
0.3207840000000002
0.618392
0.6779160000000003
0.936108
0.2905999999999999
-2.373004000000001
-0.5035680000000003
0.25626800000000016
-2.715380000000001
-0.2620439999999999
0.2695279999999999
0.2443079999999999
0.08395199999999993
-0.1742040000000001
-0.3401560000000001
0.11831599999999996
0.33865199999999995
0.4588999999999999
0.26215999999999995
0.238916
0.1958879999999999
0.5827160000000003
0.8166040000000002
0.4154737142857141
0.7464639999999995
0.8828079999999997
0.4039759999999997
0.5797039999999994
0.3388119999999997
0.30309599999999987
0.04229199999999998
0.42072799999999977
0.6521039999999997
-0.8248759999999999
-0.5324600000000004
0.23258800000000018
-0.49864000000000025
-0.20162799999999986
0.936408
0.9793240000000005
-0.4137400000000002
0.20819600000000008
0.6452240000000007
0.27308000000000027
0.8204879999999996
0.7450879999999993
0.3481520000000002
0.041336000000000005
0.829904
1.5224080000000009
0.2558120000000001
0.4583359999999999
0.7804359999999997
0.7462799999999995
0.8337359999999999
0.764728
1.1368239999999994
0.8633759999999998
0.2141119999999999
-0.4002760000000001
0.3328720000000002
0.5873359999999997
0.7097640000000003
0.766328
0.31127600000000016
0.7186119999999995
0.9202839999999997
0.6533559999999998
0.7116079999999997
0.7901999999999995
0.35190799999999994
0.5658439999999997
0.5196880000000003
0.6658999999999996
-0.31595599999999996
0.27191199999999976
0.6834239999999998
0.7250040000000004
0.5196999999999997
0.12211199999999979
-0.7299440000000001
-0.26451199999999997
0.2594279999999999
0.5993000000000003
-0.28325200000000017
0.10102400000000006
-0.08950399999999996
-0.2534559999999999
-1.7359480000000018
-1.4552040000000004
-0.6221480000000007
-0.010539999999999996
0.2848239999999999
0.019371999999999997
-0.43050000000000027
-0.3336399999999998
-0.15291199999999985
-0.3514799999999999
-1.893448000000002
-0.4866840000000003
0.13010399999999997
0.12619999999999992
-1.4364080000000006
-1.200296
-1.4897960000000008
-1.0193920000000005
-0.7606560000000002
-0.9634880000000002
-1.4241560000000004
-1.8249560000000025
-2.353188000000002
-1.7782680000000013
-0.8802160000000001
-0.38685599999999976
-0.15817599999999984
-0.379788
-0.3571479999999998
-1.061288
-0.7013600000000002
0.026491999999999998
-0.7503480000000002
-0.6838120000000011
-0.09996800000000003
0.05730399999999999
0.5771040000000006
0.29328800000000005
-0.6203640000000002
-0.03953599999999998
0.37341999999999975
0.6413399999999997
0.7575279999999992
0.9556440000000003
0.7243519999999998
0.872460000000001
0.85802
0.33217600000000014
0.669048
0.259428
0.1674239999999999
-1.3897080000000002
-1.8444600000000022
-1.2154559999999996
-1.2366760000000003
-1.7891440000000016
-1.0495200000000005
-0.08525999999999993
-0.9062959999999993
-0.7296919999999991
-0.7191119999999994
-0.7459079999999998
-2.312740000000002
-1.4205760000000005
-0.758512
-0.14934799999999998
-0.19217199999999995
-1.647764000000003
-1.2640680000000002
-1.1720680000000003
-2.045532
-2.0934520000000005
-1.4511760000000022
-2.1385680000000016
-2.6563600000000007
-1.2953559999999997
0.024403999999999967
0.3407839999999997
0.06992399999999999
-0.3013560000000002
0.34108799999999995
-0.2939200000000003
0.07985600000000002
0.6436640000000001
0.4191280000000001
0.313936
0.7186600000000002
0.3033439999999999
0.6192239999999996
0.5493519999999994
0.5459479999999998
0.6444399999999995
0.25932799999999995
-1.5942680000000014
-0.868708
-0.4021599999999997
0.04038000000000001
0.09086400000000006
-1.0097320000000003
-0.5427560000000001
0.32493600000000017
-0.22927599999999998
0.5456200000000001
0.649812
-0.36270400000000014
0.6065839999999998
0.7119559999999999
0.8870680000000005
1.0371759999999997
1.1008120000000003
0.9438480000000005
0.8087160000000001
0.8165760000000003
0.4011279999999997
-0.41032
-1.554292
-1.0005680000000003
0.22432400000000013
0.6853720000000008
-1.5792280000000007
-0.7681000000000007
-0.5477079999999999
0.12442799999999993
0.4062919999999998
0.38378399999999985
-1.8101720000000014
-2.4768280000000003
-0.4349399999999999
-1.7277279999999997
-1.0744159999999998
-1.7931040000000018
-2.725480000000002
-1.041024
-0.5741080000000002
-0.9740040000000002
-0.3576040000000002
0.359472
0.42835600000000007
-0.16738400000000003
0.36237600000000003
0.631928
-1.380016000000001
-0.54776
-0.13603200000000007
-0.41928400000000005
-0.6675400000000005
-2.3645040000000024
-2.709868000000001
-1.9075200000000014
-1.0416079999999996
-0.7987559999999992
-0.32173599999999963
-0.347492
-2.3488439999999997
-1.5159400000000003
-0.30802799999999986
-0.11192800000000008
0.10501200000000005
0.34104800000000013
-0.0031039999999999
-0.9408920000000002
-0.8152839999999999
0.36614799999999975
0.3625720000000001
0.17994800000000002
0.327292
-0.3060800000000001
0.1808199999999999
-0.014171999999999997
-0.007208000000000007
-0.091172
-0.556096000000001
-1.685580000000001
-2.178452000000002
-2.610840000000002
-2.496376000000002
-1.3140639999999995
-0.7991480000000002
-1.5993840000000021
-1.9936320000000007
-1.3772880000000018
-1.9912320000000006
-2.339076000000003
-1.8493519999999986
-2.091008000000001
-1.7112080000000014
-0.13598400000000013
-1.0042199999999994
-0.3146120000000002
-0.07988000000000002
-0.7819320000000004
0.31388399999999994
0.08597200000000002
0.47153199999999945
0.9475760000000008
0.8959320000000003
0.33454799999999973
-0.04145999999999999
-1.1191480000000005
-0.3563200000000003
0.01541599999999998
0.2760679999999998
0.16085199999999986
-0.4184400000000007
-1.0984839999999998
-1.968024000000001
-1.0270960000000007
-1.0815559999999997
-1.1911360000000002
-1.0317840000000003
-1.6671920000000011
-2.4464040000000016
-2.7294520000000024
-1.5496479999999995
-0.8729799999999996
-0.9299599999999996
-1.7038680000000026
-1.273928
-1.8682280000000029
-1.682804000000003
-1.9313240000000023
-1.010696
-1.2280320000000005
-1.4377119999999997
-1.425660000000001
-1.7513320000000028
-0.5556520000000005
-0.0013279999999999945
0.4655719999999996
0.5004479999999993
0.30047199999999985
0.34010399999999996
0.33127200000000007
0.2503760000000001
0.4136919999999999
-0.6732039999999998
-2.731904
-1.313304000000001
-0.5689360000000006
-1.1351560000000003
-0.9410840000000008
-0.9017199999999995
-0.40124399999999977
-0.9936679999999997
-1.2025839999999994
-1.2047200000000005
-1.8314760000000014
-2.6620720000000038
-2.564640000000004
-1.768988000000004
-0.9307920000000001
-0.5422919999999999
0.08973599999999998
-0.09968799999999996
0.1732559999999999
0.2751439999999999
-0.5270319999999998
0.019004000000000014
-0.17644000000000004
0.5047319999999996
0.10958000000000008
0.5361399999999997
-0.053960000000000015
0.4761639999999998
0.5885199999999999
-0.03893199999999996
0.278244
0.35088
0.4423319999999998
-0.37703999999999993
-0.07526800000000003
0.20925999999999997
0.3728559999999998
0.4979259999999994
0.5529040000000002
0.18148399999999995
-0.20176399999999992
-0.42620800000000003
-0.44601200000000013
-0.45720400000000017
-0.26835999999999993
0.321956
0.4614599999999999
-0.2439279999999999
-0.557444
-2.046372000000001
0.17816800000000008
-0.20597599999999996
0.18220000000000003
0.12848000000000007
0.11527999999999991
-0.5016679999999998
-0.7351959999999997
-0.9058519999999999
-0.1965399999999999
-0.4406919999999999
-0.05321600000000003
0.23689199999999988
0.40298000000000006
0.39338
0.36344399999999993
0.4105349999999994
0.1951639999999999
0.28431199999999995
0.05599599999999997
0.3464399999999998
0.3369720000000002
0.39514000000000005
0.2701439999999999
-0.16285999999999984
0.29491599999999984
0.43928399999999984
0.3014400000000001
0.19379599999999997
0.006448
0.4633580000000001
-0.12714400000000026
0.10800799999999995
0.292152
0.21124400000000002
-0.8437119999999996
-0.23114800000000016
-0.35332800000000014
-2.800000000000813e-05
0.024284
-0.06543200000000002
0.1505879999999999
0.15214399999999997
-0.11472400000000009
-0.40478
-0.5827960000000001
-0.3984239999999999
-1.143964
-0.151704
0.4966239999999999
0.34986399999999973
-0.22140399999999993
-0.41693200000000036
-1.0542399999999994
-0.5089759999999998
-0.09587199999999992
0.20848800000000003
-0.03384799999999997
0.16401199999999988
-0.46599999999999975
-2.476216000000002
-1.633160000000001
-0.6754840000000012
0.017767999999999978
0.05817999999999997
0.36652800000000013
0.10885999999999985
-0.07984000000000009
-0.21334799999999998
0.08272799999999995
0.20005200000000015
0.13562800000000003
-0.5387399999999999
-1.1019799999999993
-0.32484400000000024
-0.34813200000000033
0.135848
0.08095599999999993
-0.3045800000000001
-0.08733600000000001
-0.2149799999999999
-2.163872000000004
-2.5302560000000036
-1.657716000000002
-0.23628400000000002
0.022664
-0.2909840000000004
0.30699200000000015
0.4484119999999999
0.4726239999999998
0.18222799999999986
-0.467756
-0.5096559999999999
-0.2664719999999999
-0.8499919999999995
-2.4466840000000016
-1.2473559999999997
-1.1647039999999997
-0.9659079999999998
-1.9698279999999992
-2.4912400000000035
-2.0048040000000005
-2.3008040000000047
-2.599092000000005
-1.4329920000000018
-0.26283999999999996
0.11326000000000003
0.149772
0.3373159999999999
0.2644679999999999
0.17795999999999984
-0.6538359999999994
-0.7009319999999999
-0.207876
-0.06177999999999995
-0.4235799999999998
-1.7835680000000018
-1.0474319999999993
-0.11465999999999996
0.2770559999999999
0.5302080000000001
0.54846
0.3502000000000004
0.6349480000000002
0.7749960000000002
1.0063199999999999
0.7865039999999999
0.42175999999999997
0.7343640000000003
0.7843400000000004
0.9352079999999996
0.07249599999999996
0.41480399999999984
0.5009119999999998
0.5097599999999998
0.4149519999999999
0.47675999999999946
0.29564799999999997
0.5074959999999998
0.5122999999999998
0.25573599999999974
0.5216559999999993
-0.07257999999999999
0.2002559999999999
0.22270399999999996
-0.03796799999999996
0.39993599999999985
0.588328
0.5601479999999996
0.09021199999999997
-0.284268
-0.0031360000000000047
-0.6335560000000001
-2.230592000000001
-2.6405000000000003
-1.1533080000000004
-1.395180000000001
-2.3734760000000037
-2.655288000000001
-0.9050280000000005
-0.13162399999999996
-0.11820000000000004
0.127088
0.27810400000000013
0.32492800000000005
0.287724
-0.8645400000000001
-0.7349240000000001
-0.10840800000000006
-0.06883599999999993
-0.2745959999999998
-0.02620800000000001
-0.5764440000000002
0.0016440000000000055
0.10247599999999996
-0.7195199999999997
-2.050284000000001
-0.8217479999999998
0.4120519999999999
0.23336400000000002
0.3101160000000002
0.46000400000000047
0.7248560000000002
0.2965279999999998
-1.1695239999999991
-0.44980000000000014
-0.06778399999999996
-1.51426
-0.33303200000000033
0.27877199999999996
-0.009560000000000008
0.3967439999999998
0.19143599999999997
0.24570800000000018
0.4590279999999998
0.3553559999999998
0.319936
0.13881999999999997
0.4669759999999998
0.17373999999999978
0.20532799999999998
-0.24055999999999986
0.20971599999999982
0.2850639999999998
-1.5260640000000036
-2.543340000000004
-2.5864280000000015
-0.9273560000000002
-1.276156
0.16753200000000001
-0.17857600000000015
0.30961999999999973
0.14402399999999999
0.25519600000000003
-0.03070799999999995
0.20551999999999976
0.18672400000000006
0.2178559999999999
-0.8710559999999998
-0.3462879999999998
-0.3471239999999996
-1.0858359999999994
-2.0191880000000033
-0.7645120000000001
-0.16212800000000002
-0.5968200000000005
-0.4660359999999998
-1.7569880000000009
-2.5250840000000014
-1.2741359999999993
-0.4205519999999998
-0.4320679999999995
-0.12648399999999999
-0.367084
-0.452344
-0.2863319999999998
0.034080000000000006
0.13207599999999994
0.024004000000000004
-1.1825439999999998
-0.3989199999999999
0.19204799999999989
0.06877599999999998
0.2822359999999999
-0.16965199999999991
-0.2835160000000002
-0.4700080000000007
-0.6394040000000006
-0.5354880000000005
-0.2765600000000002
-0.34968400000000005
-0.7058200000000001
-0.06506800000000004
-0.11017999999999999
0.44275200000000015
0.80582
0.7789119999999996
0.8694640000000001
0.6925439999999995
0.7921799999999991
0.5270439999999994
0.1923839999999999
0.12875999999999993
0.23492399999999988
-0.4003840000000001
0.28919600000000006
0.15585199999999985
0.28881200000000007
0.6270919999999998
0.7022479999999994
-1.4223400000000013
-1.6138440000000003
0.12378399999999999
-1.0878039999999993
-1.2857320000000008
-0.6247520000000004
-0.8633679999999999
-0.7005800000000003
-0.18958399999999984
-0.10704400000000003
-0.21626
-0.44321200000000016
-0.8306559999999995
-0.4851199999999997
-1.5234280000000018
-2.381924000000003
-1.414404
-0.2732719999999996
0.18789199999999992
0.12797200000000003
0.25913200000000014
0.2964959999999998
0.48496400000000006
0.4823120000000003
-0.029467999999999963
-1.0098920000000005
-0.14775599999999992
0.40449199999999946
0.22280399999999997
0.16656399999999977
-0.7373920000000003
-0.23231999999999992
-0.16044399999999975
0.23558000000000004
0.39683999999999986
0.14604
0.45267199999999985
0.342524
0.2010159999999999
-0.03136
-0.34798399999999996
-0.374272
-0.4129080000000004
-0.1388719999999999
0.06518400000000003
0.4184359999999999
0.08749200000000003
0.5118319999999998
0.7750039999999992
1.1032000000000004
0.7414199999999999
1.04294
1.1130880000000003
-0.4758240000000001
0.6325959999999999
0.5891599999999998
0.5957119999999997
0.21032399999999982
0.10213600000000003
0.2575039999999998
0.12619599999999995
-0.2199599999999999
-0.30095600000000006
0.03729199999999998
-2.6199840000000005
-1.6068920000000018
-0.48134800000000016
-0.34980000000000044
0.3617199999999997
0.40932399999999985
0.3599600000000003
-0.8684839999999996
-2.497168000000002
-0.6832759999999994
-1.604536000000002
-1.6503120000000018
-0.500152
0.19886800000000007
0.4882399999999998
0.3214799999999997
0.19414799999999996
-0.659912
-0.11606
0.3606039999999999
0.21965199999999993
0.11064000000000003
0.4795559999999993
0.717128
0.26766399999999985
-0.28608400000000017
0.15591199999999994
-1.1395240000000009
0.00876800000000001
0.22694000000000006
-0.29656000000000005
-0.5416679999999999
0.40267200000000003
0.45941199999999976
0.29427600000000004
-0.6582800000000003
-1.1624400000000008
0.54892
0.8566679999999999
-0.5471840000000001
-0.4834720000000004
0.17369999999999994
0.517516
0.6662600000000001
0.4437439999999993
-0.7462439999999999
-0.2862160000000003
-0.11211599999999994
-0.2689760000000001
-1.5037119999999997
-0.307412
-0.4169560000000002
0.29758799999999985
0.023684000000000004
-0.553352000000001
-0.8956480000000008
-0.25206000000000006
0.45378399999999985
0.39336
0.504991999999999
0.8491799999999996
1.1069160000000011
-0.3569640000000002
0.43831599999999915
-0.5546320000000001
0.2168720000000001
-0.29443600000000036
0.713304
0.4676599999999993
-0.434412
0.25414
0.23699199999999998
0.13170000000000007
0.3934399999999998
-0.30774000000000035
0.6738840000000001
1.0441959999999997
0.07812800000000016
-0.4479840000000004
-0.8363359999999994
-0.9263440000000001
-0.4820679999999999
-0.7133079999999997
0.06629199999999998
0.04783600000000002
0.32265599999999994
0.30632799999999993
0.05236800000000001
-0.3158920000000003
0.3153639999999998
0.23456399999999988
-0.13399999999999998
0.383916
-0.013379999999999996
0.7092400000000005
0.13396800000000003
0.883236
-0.33296800000000026
-0.47526799999999975
0.11293600000000002
0.17337600000000003
0.17988800000000013
-0.21433999999999992
-0.46636400000000006
-0.10830799999999999
0.26194399999999995
0.3604959999999999
0.8714640000000002
0.7115239999999996
0.3572919999999995
0.8460400000000006
0.7594919999999994
1.0836080000000001
0.6603040000000003
0.7687240000000002
-0.9873399999999991
0.06345999999999997
-0.7141600000000001
-0.16006000000000012
0.2995440000000001
0.37288400000000016
-0.08977999999999998
-0.5642320000000007
-1.4799000000000018
-0.6349279999999999
0.006583999999999999
-0.007107999999999999
0.17691199999999996
0.23721999999999985
-0.08062800000000003
-0.1272240000000001
0.03139199999999999
0.20824399999999985
-0.07854399999999997
0.38345999999999997
0.27064000000000005
1.0603080000000005
0.9869360000000004
1.0368000000000006
0.9299840000000005
-0.23153999999999994
-0.3041200000000005
-0.1265759999999999
-0.030532000000000004
-0.214704
0.4671239999999997
0.7567400000000001
0.9700480000000005
1.1834199999999984
1.1172720000000003
1.0455040000000007
0.49190399999999945
0.8994320000000001
0.8626759999999994
0.6236359999999997
0.32533199999999984
0.41211999999999943
0.233228
0.28465999999999997
0.48336000000000007
-0.54856
-0.1884159999999999
0.21654400000000013
-0.49880000000000013
-0.40137999999999974
-0.48469999999999996
-0.2998840000000001
-0.6544720000000004
-0.308768
-0.11649599999999995
0.19679600000000028
-0.0031919999999999926
-0.20435999999999993
-0.17515999999999984
0.11208000000000005
-0.30644
-1.3192680000000008
-1.6640360000000012
-1.0060119999999995
-0.7981999999999999
-0.44180400000000053
-0.409464
-0.5210959999999998
-0.4271119999999997
-0.5624240000000005
-0.4140799999999999
-0.06679200000000005
-0.017648000000000046
0.20924399999999993
-0.100056
0.056103999999999994
-0.007996000000000014
-0.34221599999999974
-0.25503599999999965
-0.6050359999999999
0.3117960000000001
0.3933520000000001
0.3131439999999999
0.5351759999999995
0.423636
0.1503519999999999
0.39396399999999976
0.45131199999999977
0.6012040000000003
0.830724
0.46065999999999935
0.5293359999999995
0.5179079999999996
0.2693719999999996
-0.3702280000000002
-0.3459320000000003
0.06769999999999998
-0.325092
-0.24034000000000005
-0.087396
-1.4863840000000015
-1.1130280000000008
-1.9779799999999998
-2.1649360000000035
-2.1569680000000018
-2.338024000000005
-1.9134280000000026
-0.5551520000000002
0.15023600000000004
0.24385999999999972
0.3325199999999999
0.30205200000000015
0.260092
0.5028159999999995
0.6868959999999996
0.4426199999999995
0.25279599999999985
0.2825599999999999
0.1591559999999998
0.361736
-0.23595999999999992
-0.18997600000000006
0.29822199999999993
0.27215199999999984
0.19689199999999993
-0.5053960000000001
-0.09599200000000002
0.09553199999999991
0.4697560000000002
0.45886799999999983
0.5711280000000001
0.6401840000000001
0.4726719999999997
0.42622399999999977
0.5654319999999999
0.43729200000000007
0.16321999999999995
-0.05045999999999998
0.2742359999999999
-0.5871999999999998
-0.07255600000000002
-0.2896599999999998
-0.12450799999999998
-0.8836559999999994
-0.4668479999999997
-0.34397999999999995
-0.8885479999999993
-0.3968879999999999
-1.2542120000000003
-1.8909360000000026
-1.2700679999999995
-1.9622240000000024
-1.4933440000000004
-1.486392000000001
-2.6244440000000027
-2.6093040000000007
-2.613012000000004
-2.6900440000000034
-1.7606800000000011
-0.7400159999999996
-0.099932
-1.4865080000000004
-0.6990359999999997
-1.6084640000000003
-1.663804000000002
-0.6021000000000002
-2.027232000000002
-1.3989159999999994
-0.6659960000000005
-0.011651999999999973
-0.395824
-0.6957159999999997
-0.5448680000000001
-1.4179680000000003
-1.3667840000000007
-1.1222200000000007
-0.6775160000000001
-1.0721880000000001
-0.5000079999999998
-0.14208799999999996
-0.17869199999999988
-0.15160399999999988
0.2805680000000004
0.4124919999999995
0.5192999999999995
0.07085199999999997
0.048219999999999985
-0.006915999999999974
-0.11397600000000013
0.006828
-0.10238000000000001
-1.8349480000000027
-1.957288000000003
-1.0934080000000008
-0.21041200000000018
-0.5795760000000003
-0.4802919999999997
0.2815320000000001
0.23654800000000015
0.29136800000000007
0.4924919999999995
0.290148
-0.7777359999999999
-1.1988760000000003
-0.31750799999999973
0.07866799999999999
-1.1128880000000003
-1.0602800000000001
-1.2431960000000002
-1.8489680000000017
-1.9757000000000018
-1.1793280000000008
-1.2398480000000003
-1.2869480000000004
-1.0686400000000005
-0.6178160000000003
-0.12471600000000015
0.24381200000000003
-0.37229200000000007
-0.7427519999999996
-1.2047119999999998
-0.9437800000000002
-1.1375320000000004
0.003892000000000003
-0.06203600000000005
-0.9337479999999991
0.13071999999999998
-1.1165679999999996
-0.13132400000000005
0.433692
-0.8163520000000001
-1.0051480000000004
-0.6346600000000002
-0.15886799999999995
-0.9188840000000001
-1.5997360000000023
-1.1334440000000003
-0.7407240000000009
-0.8268439999999991
-0.8849199999999998
-0.6942120000000006
-1.4982720000000005
-1.9303760000000028
-2.692904000000001
-0.9677760000000004
-0.17757600000000004
0.2161560000000001
0.5415959999999999
0.05691200000000002
-1.2058200000000003
-1.985756000000004
-2.167324
-2.816987999999999
-1.6143640000000015
-1.497628000000002
-1.2935719999999997
-1.5315320000000017
-1.2948600000000008
-1.8320720000000015
-1.1727880000000006
-1.7180120000000012
-1.5701000000000025
-0.26420799999999994
0.22784400000000002
-0.14472400000000013
-0.31501600000000035
0.26844000000000007
-0.8485920000000003
-0.15847200000000009
-0.2657880000000002
-0.5072440000000001
-1.1068320000000005
-1.175444000000001
-2.4252480000000025
-2.0838360000000007
-2.295076
-2.5012800000000013
-1.890468000000002
-1.154928000000001
-1.0768440000000012
-0.5714040000000001
-1.1492280000000012
-0.8735480000000007
-0.15807999999999983
-0.08702400000000003
-1.213008000000001
-1.3676120000000012
-1.7479640000000018
-2.0261040000000015
-0.7761240000000007
-1.4545559999999997
-1.847912
-1.558984
-1.9247840000000003
-2.003580000000002
-2.0577
-1.6998600000000017
-1.539380000000002
-1.6861680000000008
-2.101084000000002
-2.046336
-1.291776
-0.7207520000000006
-0.5999520000000005
-1.0959040000000009
-1.675520000000002
-0.4981920000000003
-0.17567599999999997
-0.15455599999999986
-0.08706800000000005
-0.10778800000000001
0.27186400000000005
0.6391799999999993
-0.12528799999999987
0.46857599999999977
0.8463879999999998
0.7577
0.9942760000000004
1.3144440000000004
1.3016919999999996
0.8665520000000003
0.8446880000000008
-0.17784000000000008
0.5516359999999999
-0.313336
0.4834759999999999
-0.16347199999999995
0.06008799999999999
0.3331680000000001
0.8810439999999998
0.6674119999999999
0.09151999999999999
-0.023207999999999982
-0.7751759999999994
-0.19325199999999998
0.5319960000000001
-0.062752
0.2364400000000001
-0.10655599999999997
0.32402000000000014
0.6796600000000002
0.6751360000000002
0.6848720000000004
0.7327880000000001
0.6719399999999999
0.7346879999999997
0.3680279999999995
0.7103839999999998
0.7209399999999997
0.6755799999999992
-0.4916280000000002
-1.1674919999999995
-1.6842960000000025
-0.5054959999999998
-0.9170159999999998
-0.4681600000000001
0.32873599999999975
0.3961679999999999
0.24082000000000028
0.619624
0.24552800000000005
1.0339480000000008
1.0632840000000008
0.536172
1.0237960000000002
0.6670560000000001
0.7080199999999999
0.7599760000000004
1.1756039999999999
0.9444039999999999
0.5280399999999997
0.748168
-0.6789079999999997
0.22883599999999998
0.6221359999999998
0.6749399999999997
0.5028480000000001
0.45110400000000006
0.25782400000000005
0.48679599999999984
0.5529
0.6230679999999994
0.5231119999999998
0.7714040000000004
1.032884
-0.11702000000000007
0.6058799999999994
-1.1664479999999995
-0.26165599999999994
0.3725400000000002
0.8157199999999994
0.6720079999999999
1.0646200000000001
0.8995400000000007
0.002788000000000003
0.6636479999999995
1.05736
1.1218400000000004
0.712644
-0.14052399999999998
-0.8141640000000002
-1.7332840000000025
-1.8903480000000021
-0.4075720000000002
0.757684
0.7339399999999997
-0.8835199999999996
-2.0526760000000026
-1.850424000000001
-0.7374920000000005
-0.6820040000000007
-0.8753759999999999
-0.5648880000000007
-0.827568
-0.28260799999999997
0.3402519999999999
0.09342799999999998
0.32778000000000007
0.3114079999999999
0.44295599999999974
0.7289120000000008
0.3964279999999998
0.6061599999999999
0.945244000000001
0.9643840000000007
1.0030720000000004
1.208664
1.3371879999999994
1.1298759999999999
-0.06738399999999999
0.04818000000000003
0.19908800000000001
-1.2150360000000004
-1.7903960000000023
-2.7010639999999992
-2.811779999999999
-1.0784599999999993
0.024128000000000007
0.4921599999999996
0.5725960000000002
0.764252000000001
0.7502360000000006
0.716452000000001
0.7877680000000009
0.8877119999999996
0.9239640000000011
0.7522440000000001
0.149048
-0.14679599999999993
-1.3039360000000002
-1.8085760000000015
-1.9321080000000015
-1.8756720000000011
-1.2534280000000009
-1.0632759999999997
-0.8821399999999999
-1.7135600000000035
-1.1402320000000004
0.04695600000000004
0.15108000000000005
0.7323080000000003
0.35607200000000006
0.18292799999999992
0.18055200000000002
-0.16288000000000008
-0.24369199999999996
0.12690400000000004
0.3154680000000001
0.3746999999999996
0.5838599999999997
0.14170000000000005
-0.6364239999999998
0.46352399999999966
0.7818600000000001
1.0499039999999997
1.1409279999999997
1.3009559999999991
1.3475999999999997
1.3527359999999997
1.3121999999999996
1.3584319999999999
1.372859999999999
1.4111799999999994
1.314923999999999
1.541835999999999
1.3604519999999987
1.4436079999999991
1.4858720000000003
1.6354760000000008
1.328852
1.6817920000000022
1.6969560000000012
1.7558080000000011
1.2529520000000003
1.6017199999999998
1.381551999999999
1.3786640000000001
1.3571159999999995
1.3404359999999995
1.449384
1.5168000000000001
1.6311520000000004
1.3048920000000002
1.7124800000000004
1.2088120000000002
0.9756279999999995
-0.08534399999999998
-1.4950520000000018
-2.400388000000001
-1.901728000000003
-2.60064
0.14571600000000004
0.622096
0.8181559999999999
0.31783599999999984
0.5870799999999999
0.7843720000000004
0.5044119999999999
0.9021120000000007
-0.06764000000000006
0.23016400000000004
-0.16222799999999993
0.13517999999999997
0.40278399999999975
-0.4194880000000003
-0.6355320000000002
-0.04068400000000001
0.7124000000000003
0.9201720000000003
0.2066279999999999
0.5286799999999996
0.49288399999999966
0.8576799999999998
1.051028000000001
1.125104
1.174596
0.5018519999999999
0.9926999999999994
1.2517439999999995
1.2694400000000006
1.1271959999999996
0.8318840000000006
0.8058240000000005
0.9295239999999999
0.9971679999999998
1.0448559999999998
0.9674279999999994
1.1085639999999999
1.173628
1.1677839999999995
1.1925999999999997
0.48716399999999965
0.7424120000000003
0.9926999999999996
-1.3880560000000015
-1.3165800000000012
-1.2168480000000004
-0.40867200000000037
-0.9703999999999995
0.14631999999999984
0.3388519999999998
0.2273200000000001
0.7785480000000002
0.9761040000000001
1.0392760000000003
1.2971359999999996
1.307076
1.1232919999999995
0.6286199999999995
0.48394399999999943
-0.8571279999999998
-1.4947040000000018
-2.253152000000002
-1.8374320000000033
0.275328
-1.9348120000000018
-1.925948000000001
-0.9221680000000008
-0.7981840000000004
-1.5497960000000004
-2.7398520000000013
-1.9098200000000012
-1.0598880000000004
-0.8577559999999997
-0.034832
0.005547999999999992
-0.39844800000000014
-0.7638480000000004
-0.7954760000000005
-0.07155199999999998
0.3952960000000001
0.7193400000000003
0.8636800000000007
0.8457760000000006
0.8818360000000004
0.9246840000000013
0.9662919999999999
0.16937199999999994
0.4029639999999998
-0.4163040000000001
0.27822400000000036
0.35608799999999996
0.224216
0.5040599999999997
0.8677799999999999
0.9762360000000003
0.34914399999999973
0.9173120000000003
0.7421679999999998
0.8403160000000001
0.11781599999999998
0.23502399999999996
0.06639999999999999
0.1450999999999999
0.15397199999999994
-1.3141800000000015
-1.0606280000000012
-1.7756480000000021
-2.2691360000000014
-1.2754400000000008
-0.9259120000000005
-0.8098520000000003
-2.2793360000000016
-0.7538800000000013
-1.2161360000000008
-2.286232000000002
-0.3029360000000001
-0.09169999999999998
-0.4357640000000004
-0.4026560000000001
-0.9993199999999998
-0.8514799999999998
0.0658560000000001
-1.0741120000000002
-1.4453960000000008
-2.106664000000002
-1.5984320000000019
-1.8719760000000014
-0.6677159999999999
-2.6465720000000004
-0.9089520000000005
-1.8082920000000027
-1.7928840000000017
-0.035384000000000006
0.8957800000000004
1.2232519999999998
1.1396559999999998
1.1181999999999996
0.8187240000000006
-0.4622560000000006
-1.17884
-0.6391120000000009
0.3642400000000001
0.7842520000000001
0.619108
-1.1361359999999996
-0.4495600000000003
0.42231199999999963
0.6444479999999999
0.9907439999999998
1.0895559999999993
1.0044999999999997
1.2059999999999997
0.9330639999999997
1.137795999999999
0.9345839999999999
0.870796
0.8378639999999993
0.8207519999999996
-0.5417200000000002
-0.3144320000000001
0.38022399999999984
1.0222079999999996
0.19569599999999993
-0.6193200000000003
-2.7217680000000004
-0.9647640000000003
-0.011079999999999991
-0.9898160000000001
0.5791679999999996
0.9062200000000009
0.5246959999999997
-0.14288800000000001
-0.21069200000000007
-0.28675599999999996
-1.082524
0.11930000000000003
0.6261800000000006
0.7617799999999997
0.5878599999999998
0.7324160000000001
0.6809760000000001
0.8752720000000005
0.3588199999999999
-0.8012720000000002
-0.29837199999999986
-1.3293760000000003
-2.0665000000000013
-2.0736440000000016
-0.48621200000000014
-1.9806000000000015
-0.35581599999999997
0.5493959999999999
0.9648160000000012
0.8799360000000003
0.5023759999999995
0.6282439999999999
-0.4101840000000002
0.5631120000000003
0.8702320000000011
0.30613199999999985
-1.2304520000000003
-0.3083239999999999
0.2969600000000003
0.005463999999999991
-2.440804000000001
-0.6582840000000005
-1.4356920000000013
-0.3781800000000003
0.6026479999999996
1.1906280000000007
1.018124000000001
0.6966920000000004
-1.393088000000002
-0.4531280000000001
0.42345999999999984
0.006784000000000029
-2.2338640000000014
-0.08036000000000001
-0.304716
-1.1726920000000007
0.32444399999999995
0.24641600000000005
-1.4818080000000011
-1.7305440000000014
-2.6355639999999996
-2.2787960000000025
-0.9535440000000012
-1.1687440000000013
-0.708256000000001
-0.6941200000000008
-0.854328
-0.87696
-0.8274280000000006
-0.26077999999999996
-0.8331479999999999
0.246764
0.02985600000000001
0.4104319999999994
0.4059039999999996
0.14283999999999997
-0.5341639999999999
0.12155999999999996
-0.6889360000000008
-1.6434240000000018
-0.2747160000000003
-0.6887840000000003
-0.703208
-0.19059999999999994
-1.0336639999999997
-0.5946080000000005
0.07398800000000005
0.6214320000000001
0.9707960000000002
1.0255759999999998
0.969672
0.9110800000000003
0.08483600000000008
-0.15673600000000001
-0.010987999999999993
-0.5739800000000003
-0.5203560000000002
0.07795999999999999
0.22469200000000003
0.01104
-0.3678280000000004
-0.21694400000000003
-1.7082560000000022
-2.732348
-2.7170239999999994
-2.736131999999999
-2.7477200000000024
